Sample	QualiMap_mqc-generalstats-general_error_rate	QualiMap_mqc-generalstats-percentage_aligned	QualiMap_mqc-generalstats-10_x_pc	QualiMap_mqc-generalstats-median_coverage	QualiMap_mqc-generalstats-30_x_pc	QualiMap_mqc-generalstats-median_insert_size	QualiMap_mqc-generalstats-mapped_reads	QualiMap_mqc-generalstats-50_x_pc	QualiMap_mqc-generalstats-1_x_pc	QualiMap_mqc-generalstats-total_reads	QualiMap_mqc-generalstats-avg_gc	QualiMap_mqc-generalstats-5_x_pc
BRB101_S20_L001	0.55	99.6064413813	0.425629235806	0	0.388862701286	214	2203923.0	0.367590634884	0.605829401967	2212631.0	49.0869727447	0.44580328686
BRB102_S24_L001	0.47	99.7835606023	0.39556172688	0	0.371224273302	155	2635208.0	0.356937622065	0.529723354694	2640924.0	45.9926974751	0.410948657414
BRB104_S21_L001	0.43	99.6782343887	0.429268534097	0	0.39344833033	215	2475184.0	0.372269085844	0.589594622469	2483174.0	48.7237267862	0.447993657682
BRB106_S19_L001	0.4	99.61599819	0.375680857243	0	0.343475048326	139	1461806.0	0.322567477741	0.667749543741	1467441.0	44.4444082328	0.395528899617
BRB108_S1_L001	0.51	99.6814492472	0.381450531703	0	0.346182731533	174	1099294.0	0.322851603362	0.498806864828	1102807.0	44.8133123403	0.39849240908
BRB10_S11_L001	0.46	99.7927496348	0.380472505662	0	0.353156826951	155	1497972.0	0.335183334491	0.511029926397	1501083.0	44.7959116386	0.393806034298
BRB111_S2_L001	0.48	99.7367726236	0.394587096762	0	0.367864572734	166	2111608.0	0.351249449775	0.58938520717	2117181.0	45.4421230522	0.410718866573
BRB113_S3_L001	0.49	99.7178336359	0.387243977629	0	0.362986894247	144	2569931.0	0.349386219609	0.581091229386	2577203.0	44.6601296842	0.400772205894
BRB114_S22_L001	0.44	99.7332955754	0.421194159382	0	0.384993612154	197	2148325.0	0.364053214306	0.590733388901	2154070.0	48.291294336	0.439962298002
BRB118_S20_L001	0.55	99.5892778474	0.369839868385	0	0.333236338204	141	1175512.0	0.307172623385	0.581452329279	1180360.0	44.0280315744	0.389365298001
BRB11_S12_L001	0.5	99.7489113507	0.3740259104	0	0.339658030025	164	1055535.0	0.314240672694	0.478691676453	1058192.0	43.8702659013	0.390559531189
BRB120_S23_L001	0.41	99.7841724635	0.415821808002	0	0.383567324177	178	2533122.0	0.365330081638	0.583078976757	2538601.0	47.6368598435	0.433897178175
BRB121_S24_L001	0.43	99.7662305378	0.404368489151	0	0.37248529299	165	2127031.0	0.355498882368	0.555854987988	2132015.0	47.2031760587	0.423224921788
BRB122_S4_L001	0.55	99.6701147344	0.374881683186	0	0.334807518928	183	886164.0	0.301073544321	0.488296480806	889097.0	43.8849045925	0.393472101796
BRB123_S5_L001	0.47	99.7627767889	0.381500338585	0	0.351458865074	163	1312097.0	0.332742797285	0.519931774533	1315217.0	45.3845758964	0.396478626294
BRB124_S21_L001	0.39	99.7320534813	0.392283528482	0	0.36179266106	174	1809307.0	0.342815107143	0.666908486624	1814168.0	45.1570720315	0.410525298919
BRB125_S22_L001	0.39	99.7505769973	0.375671801447	0	0.34558957685	147	1569307.0	0.325349871271	0.645072696879	1573231.0	44.0755070239	0.392265416888
BRB129_S6_L001	0.49	99.7494992398	0.3906659368	0	0.364079249722	163	2066660.0	0.348387818025	0.567379621238	2071850.0	45.0248237638	0.404095683276
BRB130_S16_L001	0.41	99.7718563364	0.398370155825	0	0.370020984318	170	2013860.0	0.353640180099	0.52141466124	2018465.0	46.9165255859	0.413826136809
BRB131_S17_L001	0.44	99.7663712191	0.405777797509	0	0.377916507049	170	2551501.0	0.361921706163	0.554876961947	2557476.0	46.6933937728	0.419830130008
BRB132_S7_L001	0.51	99.5853226833	0.382196502955	0	0.347563740527	174	1145522.0	0.325049898006	0.515013344962	1150292.0	44.8024297764	0.399426288113
BRB137_S1_L001	0.57	99.6747674583	0.405378210481	0	0.365525913241	219	1300362.0	0.339755379839	0.562666079066	1304605.0	47.0389627465	0.425628103832
BRB138_S2_L001	0.51	99.715360958	0.40464469095	0	0.366986160456	195	1493073.0	0.345003214015	0.575810567947	1497335.0	47.236740902	0.424893452326
BRB139_S3_L001	0.52	99.6633913743	0.412304762966	0	0.376383813461	199	1880706.0	0.355664150657	0.595894061034	1887058.0	47.2718206922	0.430563513022
BRB142_S4_L001	0.61	99.6379747198	0.387876751422	0	0.328952946375	238	696041.0	0.269493717349	0.525412795474	698570.0	47.1215762602	0.413655208646
BRB143_S8_L001	0.48	99.6529602631	0.398563723479	0	0.367951734777	169	1973879.0	0.35120869869	0.577351185357	1980753.0	46.0392631437	0.414397783974
BRB146_S5_L001	0.52	99.7493495258	0.402641095934	0	0.361465520405	210	1212988.0	0.33493882798	0.566428762587	1216036.0	47.9728781061	0.423363022687
BRB147_S6_L001	0.53	99.728788928	0.402678451096	0	0.368765624504	191	1605818.0	0.347206036558	0.570672535306	1610185.0	46.3797392154	0.419848241601
BRB148_S9_L001	0.47	99.7819786282	0.381529769924	0	0.355026848966	142	1924505.0	0.340218357445	0.543116877983	1928710.0	44.7819932954	0.394868958434
BRB14_S3_L001	0.4	99.7718183121	0.395359103429	0	0.365656090319	167	1796649.0	0.348486299813	0.550601493939	1800758.0	46.2178893041	0.411023367736
BRB150_S18_L001	0.45	99.6493763529	0.411399183298	0	0.380885676385	175	2556718.0	0.364639577141	0.561476373777	2565714.0	47.0278289704	0.426829128867
BRB152_S10_L001	0.49	99.7786274458	0.384222737462	0	0.352964391272	167	1348125.0	0.333401606494	0.516393221981	1351116.0	45.1549341381	0.399705885835
BRB153_S23_L001	0.4	99.7459414991	0.400866159785	0	0.370198704328	179	2115776.0	0.351505276032	0.699352010205	2121165.0	45.6772795829	0.418889459127
BRB154_S7_L001	0.55	99.5855504084	0.404434143677	0	0.367195575754	204	1449152.0	0.343773889616	0.569336805296	1455183.0	46.3980948958	0.424032019667
BRB156_S8_L001	0.51	99.7012761073	0.410692831157	0	0.372857712628	197	1648761.0	0.351079653588	0.598553069334	1653701.0	47.9713513818	0.428585953422
BRB158_S9_L001	0.47	99.6679714061	0.414880005147	0	0.382156883844	188	2293967.0	0.363564201286	0.629897445593	2301609.0	47.474769221	0.433259876484
BRB160_S11_L001	0.53	99.7516223293	0.377193175289	0	0.342777751981	174	1051422.0	0.31641972377	0.488813793192	1054040.0	44.0980451128	0.393469837847
BRB161_S24_L001	0.45	99.6449187016	0.374447004946	0	0.335303323797	132	1194904.0	0.310124813103	0.590216076516	1199162.0	44.6127616685	0.396046212002
BRB162_S12_L001	0.51	99.6927064474	0.402956916844	0	0.375842729609	163	2615488.0	0.360563336661	0.549652899237	2623550.0	46.4004666041	0.418963037475
BRB166_S1_L001	0.37	99.5910792139	0.363642307532	0	0.315655640925	168	839260.0	0.274619298269	0.51925938163	842706.0	42.9041984901	0.382348187549
BRB167_S19_L001	0.62	99.6230483134	0.409650282565	0	0.380630982104	180	2636517.0	0.364524115734	0.567030973066	2646493.0	45.9539303502	0.425120979218
BRB169_S2_L001	0.38	99.6136413106	0.379738986131	0	0.344069334983	172	1244788.0	0.318346344513	0.588475099604	1249616.0	44.0824402185	0.398440338249
BRB170_S13_L001	0.51	99.6539626932	0.408483216767	0	0.380840397402	170	2834360.0	0.364596562107	0.562685322634	2844202.0	46.6117422958	0.424342180703
BRB171_S3_L001	0.54	99.381944584	0.389878082488	0	0.357376828204	173	1731149.0	0.338245325743	0.636235371294	1741915.0	44.4410238857	0.407020705604
BRB172_S4_L001	0.4	99.4081592943	0.31905156468	0	0.218115654885	152	367842.0	0.134965329769	0.45739697056	370032.0	41.6461040578	0.351131724419
BRB173_S5_L001	0.33	99.6017002687	0.345941620946	0	0.293354609626	125	651175.0	0.244660458903	0.496718371719	653779.0	42.9952675646	0.367835141395
BRB174_S6_L001	0.35	99.6026706339	0.354718951878	0	0.305377311693	144	713687.0	0.259481402144	0.518766972685	716534.0	43.2554533104	0.377444473647
BRB175_S7_L001	0.36	99.5110096841	0.373122594681	0	0.328221690793	184	873842.0	0.288196201442	0.564882485304	878136.0	44.0631660866	0.393540020271
BRB177_S8_L001	0.44	99.5589323052	0.398605606539	0	0.36595266766	192	1818421.0	0.346147640321	0.717430776302	1826477.0	45.5361381698	0.417280923242
BRB17_S15_L001	0.45	99.7301576489	0.408641693209	0	0.378489286189	182	2298460.0	0.360617671441	0.558576254891	2304679.0	46.791224925	0.426743098798
BRB182_S14_L001	0.56	99.5712209434	0.416636829703	0	0.389047213143	181	3300780.0	0.373158817868	0.583388005819	3314994.0	46.870424919	0.432946319524
BRB185_S9_L001	0.42	99.3560205875	0.349310377311	0	0.293599116136	114	600938.0	0.239658263212	0.508495435301	604833.0	44.4187666202	0.378830010539
BRB186_S10_L001	0.4	99.6513499999	0.398306765248	0	0.36456260287	195	1723784.0	0.34366861598	0.700277965415	1729815.0	45.5055809515	0.417156406038
BRB187_S15_L001	0.46	99.7360061379	0.390312760729	0	0.363179329927	147	2120195.0	0.347504877848	0.515287282811	2125807.0	45.9307224353	0.404445463423
BRB188_S16_L001	0.44	99.766470168	0.388261622781	0	0.361319495684	146	2093333.0	0.346950210302	0.502683877782	2098233.0	45.8858768944	0.401794378945
BRB189_S17_L001	0.49	99.7229369393	0.399158010136	0	0.373800647458	157	2815362.0	0.359629457628	0.552307379639	2823184.0	46.4087029207	0.414758883867
BRB18_S4_L001	0.45	99.381189267	0.361248181285	0	0.275922201017	238	535602.0	0.191738383105	0.531103231713	538937.0	43.6050737059	0.388948731354
BRB190_S11_L001	0.37	99.4786544276	0.328288477293	0	0.253487596717	117	436958.0	0.176959322923	0.459657523806	439248.0	43.0003847305	0.356464456689
BRB191_S12_L001	0.4	99.4317861786	0.326917656071	0	0.245329455883	139	441325.0	0.171260962863	0.46158414455	443847.0	41.8762493261	0.355677734352
BRB193_S18_L001	0.49	99.6080448744	0.402409041144	0	0.37578613088	161	2720475.0	0.360926700503	0.543369308316	2731180.0	46.3182202071	0.4181468838
BRB194_S19_L001	0.61	99.6545532743	0.400946529981	0	0.374570390176	161	2678539.0	0.360013197013	0.543730408208	2687824.0	46.0107975129	0.416892655959
BRB197_S10_L001	0.49	99.7402230879	0.40682713795	0	0.368398864738	199	1519657.0	0.347194716812	0.585262555732	1523615.0	47.2487897796	0.426449917381
BRB199_S20_L001	0.41	99.7877115489	0.398598814691	0	0.369911182784	172	1956378.0	0.35202824829	0.519557090946	1960540.0	46.3422924409	0.416219131081
BRB19_S5_L001	0.39	99.6169359971	0.39650239776	0	0.360001877267	211	1408707.0	0.335085984676	0.723293272677	1414124.0	46.0074489197	0.415375810016
BRB1_S9_L001	0.44	99.7600417073	0.390780266233	0	0.363586840777	153	2114449.0	0.349207367624	0.552016462171	2119535.0	45.6333078064	0.405954385545
BRB200_S20_L001	0.46	99.7491535839	0.399568916911	0	0.372873560273	164	2486905.0	0.357827354089	0.53130245924	2493159.0	46.2075717926	0.416596078618
BRB201_S21_L001	0.47	99.762136145	0.390474633095	0	0.36178020934	152	1891952.0	0.346145376372	0.507568348116	1896463.0	45.9800516648	0.405638564635
BRB203_S11_L001	0.53	99.7632582249	0.396904248738	0	0.35572414531	207	1091429.0	0.329290274801	0.548492625287	1094019.0	48.0499038689	0.417884265696
BRB205_S22_L001	0.49	99.745151353	0.399117259051	0	0.370293790193	170	2041489.0	0.353901666228	0.51774593161	2046705.0	46.9285123156	0.41600405591
BRB207_S12_L001	0.58	99.7277398189	0.390029767083	0	0.34867307562	204	993394.0	0.319783952236	0.516038913936	996106.0	45.4383806089	0.40948614625
BRB208_S21_L001	0.46	99.7604215281	0.414720396731	0	0.386199165087	179	2945612.0	0.370056075531	0.585681386328	2952686.0	46.5922881178	0.431359291156
BRB20_S6_L001	0.38	99.5607930568	0.355123066805	0	0.296691670702	165	625192.0	0.240031814825	0.531129267128	627950.0	43.4306393245	0.375848389482
BRB215_S23_L001	0.53	99.6817050704	0.402252828652	0	0.372217015013	175	2020912.0	0.354662353149	0.528808719229	2027365.0	47.1218973886	0.418956245628
BRB21_S7_L001	0.4	99.4368191682	0.377127520763	0	0.330125672045	204	824372.0	0.284256929886	0.597202623654	829041.0	45.0558624483	0.39762078865
BRB220_S13_L001	0.42	99.6104689494	0.389057400914	0	0.351669412346	132	1811513.0	0.331822501948	0.62907450007	1818597.0	44.3980910396	0.411571243435
BRB224_S14_L001	0.44	99.5750066978	0.394832735247	0	0.357691517139	144	1928974.0	0.338528319389	0.647549457271	1937207.0	44.7214687711	0.41981088644
BRB225_S15_L001	0.55	99.4751241261	0.402232453109	0	0.371609144661	170	2454300.0	0.354809509845	0.676051445347	2467250.0	45.2162609259	0.420211605443
BRB226_S16_L001	0.38	99.5421598858	0.37697130827	0	0.331806654304	107	1219926.0	0.306751528839	0.574309569647	1225537.0	44.635021626	0.403327072533
BRB229_S17_L001	0.36	99.6296187425	0.37903037004	0	0.339419183388	116	1423506.0	0.3161333342	0.58113424442	1428798.0	44.3633121718	0.404761284332
BRB233_S1_L001	0.44	99.7523025969	0.395789253771	0	0.365579116047	179	1704707.0	0.346343471924	0.534572733816	1708940.0	45.7388397986	0.41382160891
BRB234_S2_L001	0.49	99.6856883597	0.388461982283	0	0.364985961364	150	2430046.0	0.350582716745	0.537445685312	2437708.0	44.8971349648	0.402724862054
BRB236_S13_L001	0.53	99.5826246728	0.427739236433	0	0.390206355118	212	2209128.0	0.368089835676	0.617614389371	2218387.0	49.4152102549	0.45004479563
BRB237_S18_L001	0.39	99.6531969075	0.386293118978	0	0.345843139158	133	1476107.0	0.324205444965	0.601829003783	1481244.0	44.6436978146	0.410974692829
BRB238_S22_L001	0.41	99.8408720313	0.386089363552	0	0.36255787588	139	2385470.0	0.348327823372	0.505391560989	2389272.0	45.492544359	0.400356771222
BRB239_S14_L001	0.52	99.6121631751	0.424317277262	0	0.387657148353	209	2212680.0	0.366716750505	0.613268738939	2221295.0	49.3329233498	0.446054585218
BRB240_S15_L001	0.56	99.5483028582	0.421130768806	0	0.385126053181	206	2057756.0	0.363954732517	0.57318438691	2067093.0	48.8722107159	0.441837979889
BRB241_S3_L001	0.51	99.6229571973	0.37230757298	0	0.320810653185	203	681164.0	0.267805943242	0.466415412078	683742.0	44.0595772113	0.393777734934
BRB242_S16_L001	0.5	99.6133326114	0.406453586337	0	0.361541362702	209	1195873.0	0.331769299142	0.549175205962	1200515.0	50.0516853235	0.430410696453
BRB246_S4_L001	0.42	99.7981870573	0.387791853328	0	0.355624531546	179	1301546.0	0.335857991343	0.501323244331	1304178.0	45.9175737669	0.404022104928
BRB247_S17_L001	0.48	99.6676307098	0.41414988154	0	0.375533700547	205	1678973.0	0.352411987674	0.573578314066	1684572.0	49.9797729506	0.434841244979
BRB249_S19_L001	0.39	99.6429663154	0.386265951588	0	0.355421908096	145	1893875.0	0.337077127971	0.667334109068	1900661.0	44.608257911	0.40617285664
BRB252_S5_L001	0.45	99.7560249963	0.394532761982	0	0.363843799008	182	1589309.0	0.345457135824	0.53169751837	1593196.0	45.6594734571	0.41127353412
BRB253_S18_L001	0.49	99.6995293379	0.420662131327	0	0.385707888117	192	2383068.0	0.367230666966	0.611351173992	2390250.0	48.9494187777	0.438554121618
BRB254_S19_L001	0.47	99.6307024512	0.428744429864	0	0.398241110722	189	3511783.0	0.38046458184	0.672706460448	3524800.0	47.7928956123	0.444887519421
BRB255_S20_L001	0.59	99.6818758353	0.417017173164	0	0.385223402995	180	2661846.0	0.36733028073	0.595445799099	2670341.0	46.8412829337	0.434112253346
BRB257_S21_L001	0.45	99.7387420714	0.422894385209	0	0.390502932459	189	2763586.0	0.371629520204	0.59949260824	2770825.0	47.5668112282	0.441438392861
BRB258_S20_L001	0.56	99.6027218886	0.411703684462	0	0.382152355946	190	2865397.0	0.366310371629	0.760457130277	2876826.0	46.3784111465	0.428949317264
BRB259_S21_L001	0.34	99.7618695903	0.384846455458	0	0.353387749767	146	1796406.0	0.334735072555	0.608434075487	1800694.0	44.3572511924	0.404164733726
BRB260_S6_L001	0.47	99.6580136332	0.40383985702	0	0.369835340487	201	1638886.0	0.34945074216	0.550471316862	1644510.0	46.2697355251	0.422679310038
BRB261_S22_L001	0.36	99.7372103829	0.376573985191	0	0.344763235403	143	1463857.0	0.323409666832	0.599713343284	1467714.0	44.203592445	0.39393734335
BRB264_S7_L001	0.47	99.7219637409	0.405646488457	0	0.373609343753	188	1952574.0	0.355685658174	0.557591437002	1958018.0	46.6578315021	0.422803827242
BRB265_S8_L001	0.42	99.7467833307	0.394079972148	0	0.363696642312	170	1720243.0	0.34724112777	0.527803525797	1724610.0	46.3289242158	0.41056265408
BRB268_S22_L001	0.49	99.7182640915	0.420328198825	0	0.383931819993	201	2074456.0	0.362847661373	0.604182378946	2080317.0	48.4127555659	0.440616579312
BRB270_S9_L001	0.42	99.7747892626	0.381388273101	0	0.351651300753	153	1426995.0	0.333857792252	0.50084668303	1430216.0	45.1765149159	0.397724930312
BRB271_S10_L001	0.44	99.7850892051	0.379510327264	0	0.345389217349	177	1019159.0	0.32071556732	0.479265587567	1021354.0	45.0003607566	0.39719629818
BRB272_S11_L001	0.49	99.7262460543	0.378961319591	0	0.341657097142	188	947158.0	0.310273101773	0.476580543852	949758.0	44.1876301815	0.396999334603
BRB273_S23_L001	0.46	99.7902029987	0.404854106248	0	0.370787331113	172	1808426.0	0.352162953266	0.543723616361	1812228.0	47.7480190174	0.422838918454
BRB275_S24_L001	0.53	99.6622609352	0.41899133684	0	0.381473171195	202	1939604.0	0.360250911675	0.586871091617	1946177.0	49.3664484189	0.438512238558
BRB276_S1_L001	0.51	99.6441443035	0.397081968747	0	0.353508871047	224	985645.0	0.321555492462	0.527930306951	989165.0	47.3932310175	0.419000392637
BRB279_S12_L001	0.47	99.7364076358	0.404474894762	0	0.3779142431	165	2824181.0	0.36336270981	0.561297521793	2831645.0	46.3312423575	0.420416492843
BRB281_S2_L001	0.49	99.6560013132	0.407418028683	0	0.364937286457	221	1262797.0	0.337521993983	0.5668023142	1267156.0	48.7530891602	0.42861991266
BRB282_S3_L001	0.57	99.5321157426	0.416309689048	0	0.372836205111	226	1476971.0	0.346686460223	0.591251833261	1483914.0	49.7604665376	0.435998123005
BRB283_S4_L001	0.53	99.6556292635	0.386887405635	0	0.341349200055	219	848476.0	0.303673689943	0.501656044859	851408.0	45.3423669982	0.408019107188
BRB284_S23_L001	0.39	99.7617102573	0.405467636473	0	0.373919504789	183	2308057.0	0.355783007988	0.681166838497	2313570.0	45.9378257064	0.425341714262
BRB286_S5_L001	0.48	99.7261474674	0.406627910423	0	0.36566627809	218	1299323.0	0.339407863642	0.560841336035	1302891.0	48.8644219266	0.426128436598
BRB287_S6_L001	0.51	99.7005257795	0.401734384292	0	0.360653894628	216	1173205.0	0.33450188579	0.552874498906	1176729.0	47.9291868903	0.42256384863
BRB288_S7_L001	0.51	99.5505896004	0.405169927157	0	0.362848793348	225	1190858.0	0.335627068528	0.557728405926	1196234.0	47.7894445236	0.42668197217
BRB28_S8_L001	0.47	99.5767306247	0.40257091351	0	0.368282271356	200	1707254.0	0.347989362971	0.758162617794	1714511.0	47.3699108879	0.420810419998
BRB290_S24_L001	0.48	99.6508836057	0.408458313327	0	0.375801978524	190	2289779.0	0.359401930737	0.687452693367	2297801.0	46.6188871106	0.425401708915
BRB2_S1_L001	0.42	99.4709513687	0.369726670926	0	0.322021865991	191	801147.0	0.275134346706	0.568524047544	805408.0	44.0037100388	0.390225598686
BRB34_S13_L001	0.48	99.7705293419	0.397324211309	0	0.371159750751	159	2469582.0	0.356116940491	0.526942093138	2475262.0	45.9989740583	0.413096013201
BRB37_S9_L001	0.4	99.4940844523	0.36149381977	0	0.322351270595	134	942205.0	0.290808798784	0.585602148107	946996.0	43.9894922911	0.380269882211
BRB38_S4_L001	0.47	99.6688311779	0.376014789746	0	0.328662028906	201	713879.0	0.282139005438	0.48426325536	716251.0	44.9562217957	0.397318551436
BRB39_S5_L001	0.4	99.8058515412	0.393461914025	0	0.36093349235	175	1540153.0	0.341980841873	0.53788941935	1543149.0	45.7886933297	0.409796307286
BRB3_S1_L001	0.44	99.7035731364	0.379108476287	0	0.340968856595	183	890322.0	0.311088123474	0.495955420849	892969.0	45.6123680852	0.399391196901
BRB42_S6_L001	0.42	99.7466707039	0.378137242093	0	0.344138385433	164	1060744.0	0.321946023694	0.49270665379	1063438.0	45.122065882	0.393490213389
BRB44_S10_L001	0.4	99.6377657357	0.371714418298	0	0.33069731921	168	956124.0	0.297704787956	0.608961575643	959600.0	44.2560468038	0.389385673544
BRB46_S7_L001	0.44	99.6569856099	0.385503000717	0	0.350697046178	182	1137146.0	0.327702114458	0.510049636406	1141060.0	45.2727731198	0.403088225895
BRB47_S8_L001	0.39	99.7894341928	0.389022309702	0	0.360704833484	154	1819344.0	0.344086314602	0.540919715314	1823183.0	45.755070618	0.404130774488
BRB48_S14_L001	0.46	99.7789028307	0.391416435949	0	0.366311503603	146	2603491.0	0.352984766814	0.511971729252	2609260.0	45.6121789873	0.40486203007
BRB49_S15_L001	0.49	99.763919002	0.387980893084	0	0.36315782241	141	2433658.0	0.349226611192	0.498372186588	2439417.0	45.2983488054	0.401852109649
BRB50_S16_L001	0.46	99.779182512	0.398450526021	0	0.370963919148	160	2412043.0	0.355737729005	0.532704975751	2417381.0	46.1159830671	0.414070643319
BRB51_S9_L001	0.38	99.7314786096	0.385687512575	0	0.355111747059	158	1408386.0	0.336888088216	0.513645919663	1412178.0	46.25544918	0.402475827645
BRB52_S10_L001	0.4	99.7952319929	0.405218602064	0	0.370640174416	183	1845623.0	0.351558478837	0.576332408231	1849410.0	46.5905816632	0.422677046089
BRB53_S17_L001	0.42	99.8344134664	0.387922030406	0	0.363651363329	146	2260324.0	0.349251514633	0.500187873822	2264073.0	45.8443865044	0.401783059199
BRB55_S11_L001	0.37	99.5880294807	0.352121070206	0	0.30109052394	151	681695.0	0.252503910802	0.527493364761	684515.0	43.208798619	0.371869498816
BRB57_S12_L001	0.41	99.5832835439	0.353934493491	0	0.285002901138	191	591693.0	0.217337988345	0.506195262944	594169.0	42.7729081088	0.376610208378
BRB58_S13_L001	0.45	99.6674081479	0.404340189786	0	0.374822820508	174	2643079.0	0.358903861919	0.803238977743	2651899.0	46.0790329552	0.421491868698
BRB59_S14_L001	0.45	99.6654040435	0.392198630388	0	0.362059807062	163	2032055.0	0.344674941386	0.695841757017	2038877.0	45.5447741078	0.408337192046
BRB5_S2_L001	0.42	99.7372879016	0.399513450156	0	0.360527113474	199	1228151.0	0.335550094256	0.546315838161	1231386.0	47.9238963632	0.419063783213
BRB62_S18_L001	0.43	99.8235401561	0.3814595875	0	0.35822014927	136	2224337.0	0.344659093742	0.499292481925	2228269.0	45.4574813797	0.394790852187
BRB68_S19_L001	0.45	99.7069918004	0.396861233703	0	0.372812433645	148	3156846.0	0.359613609984	0.543120273907	3166123.0	45.7471581197	0.410916962125
BRB6_S10_L001	0.43	99.7871298148	0.392462380466	0	0.366364706409	154	2299785.0	0.351450941252	0.562214421207	2304691.0	45.257130225	0.407811955839
BRB70_S20_L001	0.56	99.7516677069	0.382223670345	0	0.357393807823	144	1969066.0	0.342432499733	0.487258460112	1973968.0	45.1287314701	0.396771807711
BRB72_S11_L001	0.41	99.804201966	0.404559792856	0	0.372905255561	187	1907411.0	0.354997417626	0.571442278024	1911153.0	46.6046854737	0.421640157369
BRB73_S15_L001	0.61	99.413700806	0.415691630925	0	0.3854814932	192	2991741.0	0.368450935569	0.814053862928	3009385.0	46.9626242948	0.433245160814
BRB74_S12_L001	0.45	99.7508621407	0.380951330911	0	0.340219489419	191	886851.0	0.307905010941	0.497240212003	889066.0	44.8157443333	0.400969169472
BRB75_S13_L001	0.44	99.682988668	0.421040210839	0	0.385298113318	197	2270930.0	0.365761363955	0.591728394561	2278152.0	48.1725019765	0.440029084502
BRB77_S14_L001	0.45	99.6505903482	0.421101337466	0	0.385326412682	201	2198869.0	0.364882951677	0.59868777431	2206579.0	48.6066495221	0.442248886663
BRB78_S16_L001	0.39	99.7120842171	0.388132577678	0	0.360649366729	154	2176645.0	0.344150837153	0.782737786034	2182930.0	44.8436222335	0.406751295652
BRB81_S15_L001	0.48	99.6063483035	0.419729384269	0	0.381552409416	208	1877242.0	0.359976973826	0.569884680995	1884661.0	48.7259172275	0.438740897424
BRB83_S16_L001	0.45	99.6217407839	0.417121314826	0	0.375025443959	209	1611028.0	0.351220018436	0.569602819323	1617145.0	49.9298558444	0.437915687952
BRB84_S21_L001	0.4	99.838336325	0.385310565038	0	0.361820960425	140	2473978.0	0.348804384672	0.495369058014	2477984.0	45.1279143334	0.399298374985
BRB87_S17_L001	0.41	99.7227188502	0.412217600923	0	0.379058669405	194	1961143.0	0.358984232115	0.559475042711	1966596.0	49.008000962	0.431318540071
BRB88_S22_L001	0.46	99.7928915597	0.40051185174	0	0.373035432638	164	2535436.0	0.358543894001	0.525940295631	2540698.0	46.0186852924	0.416425150456
BRB89_S18_L001	0.44	99.7166423124	0.418385730437	0	0.384204625868	188	2320852.0	0.364773150142	0.589267481814	2327447.0	48.7010436041	0.437814942214
BRB8_S2_L001	0.4	99.5900458025	0.375487289589	0	0.337521993983	169	1071077.0	0.308751727931	0.620122845051	1075486.0	44.5277277102	0.393422294914
BRB91_S19_L001	0.46	99.5352136891	0.430144682426	0	0.394351646048	210	2518435.0	0.372670936822	0.622003054837	2530195.0	49.5090790556	0.450022156139
BRB94_S17_L001	0.37	99.7297099482	0.385002667951	0	0.357877160971	147	2112001.0	0.341353727953	0.74003291284	2117725.0	44.7944163959	0.401976626853
BRB96_S18_L001	0.39	99.7056959398	0.373370497115	0	0.341811045686	131	1513351.0	0.32221430167	0.634073299837	1517818.0	44.2594502537	0.392362766703
BRB98_S23_L001	0.44	99.8247010707	0.395836796704	0	0.371303511523	156	2682129.0	0.357075722964	0.52050115775	2686839.0	45.9204621365	0.410348710884
BRB99_S8_L001	0.48	99.71375348	0.413023566828	0	0.38143242011	191	2338120.0	0.363564201286	0.611763212741	2344832.0	46.9220263704	0.43104686617
BRB9_S3_L001	0.56	99.3251545514	0.383036428097	0	0.348873435122	169	1397641.0	0.324363921407	0.676881182718	1407137.0	44.55301268	0.400912570743
BRC1341_S23_L001	0.49	99.7378738368	0.401245371271	0	0.372420770439	170	2160074.0	0.355867906082	0.541278551257	2165751.0	46.8304137698	0.417499394337
BRC2101_S14_L001	0.57	99.5820847214	0.416491936956	0	0.390822149292	173	4011970.0	0.375988754331	0.59875682476	4028807.0	46.3435137878	0.431544934988
OVB1_S13_L001	0.45	99.7411521336	0.394266747955	0	0.367299717416	154	2239137.0	0.351613945592	0.525752387849	2244948.0	45.7965885541	0.409077503425
